early_stopping/best_valid_loss: 0.4889969527721405
early_stopping/checks_since_best: 10
early_stopping/distance_above_best: 0.1668613851070404
epoch: 0
lr-AdamW/non-decayable: 0.01
lr-AdamW/normal: 0.01
n_learnable_parameters: 145050
n_parameters: 145052
offset/C: 0.13864462077617645
scale/many-body/C: 10.885990142822266
step: 0
test/test/energy_mae: 2.0524420738220215
test/test/energy_rmse: 3.1756694316864014
test/test/forces_mae: 0.3346827030181885
test/test/forces_rmse: 0.4550744593143463
test/test/forces_rmse_batchwise: 0.4712947607040405
test/test/per_atom_energy_mae: 0.045947447419166565
test/test/per_atom_energy_rmse: 0.18434922397136688
test/test/stress_mae: 0.009609402157366276
test/test/stress_rmse: 0.01826804131269455
test/test/virial_mae: 3.8710978031158447
test/test/virial_rmse: 7.418328285217285
test/train/energy_mae: 1.99209463596344
test/train/energy_rmse: 3.1882483959198
test/train/forces_mae: 0.3240964710712433
test/train/forces_rmse: 0.45433321595191956
test/train/forces_rmse_batchwise: 0.4541935920715332
test/train/per_atom_energy_mae: 0.04672405868768692
test/train/per_atom_energy_rmse: 0.19569259881973267
test/train/stress_mae: 0.009377922862768173
test/train/stress_rmse: 0.01837235502898693
test/train/virial_mae: 3.882371664047241
test/train/virial_rmse: 7.469528675079346
test/valid/energy_mae: 1.8961613178253174
test/valid/energy_rmse: 3.153310537338257
test/valid/forces_mae: 0.3124535083770752
test/valid/forces_rmse: 0.4532001316547394
test/valid/forces_rmse_batchwise: 0.4443812072277069
test/valid/per_atom_energy_mae: 0.0340721495449543
test/valid/per_atom_energy_rmse: 0.18525195121765137
test/valid/stress_mae: 0.009115150198340416
test/valid/stress_rmse: 0.018255827948451042
test/valid/virial_mae: 3.724534273147583
test/valid/virial_rmse: 7.404613018035889
timer/its_per_s/train: 12.34567928314209
timer/its_per_s/valid: 13.419949531555176
timer/step_duration_ms/train: 81.0
timer/step_duration_ms/valid: 75.81578826904297
train/loss/forces_rmse_batchwise_weighted: 0.6472195982933044
train/loss/per_atom_energy_rmse_batchwise_weighted: 0.24411587417125702
train/loss/total: 0.8913354873657227
train/metrics/forces_rmse_batchwise: 0.6472195982933044
train/metrics/per_atom_energy_rmse_batchwise: 0.24411587417125702
valid/loss/forces_rmse_batchwise_weighted: 0.543370246887207
valid/loss/per_atom_energy_rmse_batchwise_weighted: 0.11106479912996292
valid/loss/total: 0.6558583378791809
valid/metrics/energy_mae: 6.152140140533447
valid/metrics/energy_rmse: 8.435091972351074
valid/metrics/forces_mae: 0.3826389014720917
valid/metrics/forces_rmse: 0.5453067421913147
valid/metrics/forces_rmse_batchwise: 0.543370246887207
valid/metrics/per_atom_energy_mae: 0.0970037579536438
valid/metrics/per_atom_energy_rmse: 0.11277268081903458
valid/metrics/per_atom_energy_rmse_batchwise: 0.11106479912996292
valid/metrics/stress_mae: 0.015305716544389725
valid/metrics/stress_rmse: 0.029171612113714218
valid/metrics/virial_mae: 6.899746417999268
valid/metrics/virial_rmse: 13.908522605895996
