early_stopping/best_valid_loss: 2.0373947620391846
early_stopping/checks_since_best: 0
early_stopping/distance_above_best: 0.0
epoch: 0
lr-AdamW/non-decayable: 0.01
lr-AdamW/normal: 0.01
n_learnable_parameters: 106074
n_parameters: 106076
offset/C: -6.530190944671631
scale/many-body/C: 7.008551597595215
step: 0
test/test/energy_mae: 26.93579864501953
test/test/energy_rmse: 42.46415328979492
test/test/forces_mae: 1.1332226991653442
test/test/forces_rmse: 1.5994206666946411
test/test/forces_rmse_batchwise: 1.6222851276397705
test/test/per_atom_energy_mae: 0.42703694105148315
test/test/per_atom_energy_rmse: 0.6041758060455322
test/test/stress_mae: 0.050165653228759766
test/test/stress_rmse: 0.0994732603430748
test/test/virial_mae: 19.277807235717773
test/test/virial_rmse: 44.46615982055664
test/train/energy_mae: 23.204835891723633
test/train/energy_rmse: 35.58777618408203
test/train/forces_mae: 1.2557284832000732
test/train/forces_rmse: 1.745638132095337
test/train/forces_rmse_batchwise: 1.7304601669311523
test/train/per_atom_energy_mae: 0.4539264738559723
test/train/per_atom_energy_rmse: 0.8870461583137512
test/train/stress_mae: 0.043372973799705505
test/train/stress_rmse: 0.08639343082904816
test/train/virial_mae: 17.253158569335938
test/train/virial_rmse: 32.94696044921875
test/valid/energy_mae: 25.456228256225586
test/valid/energy_rmse: 39.90672302246094
test/valid/forces_mae: 1.095543384552002
test/valid/forces_rmse: 1.578647494316101
test/valid/forces_rmse_batchwise: 1.5480632781982422
test/valid/per_atom_energy_mae: 0.39567381143569946
test/valid/per_atom_energy_rmse: 0.5732113122940063
test/valid/stress_mae: 0.04846563562750816
test/valid/stress_rmse: 0.09742842614650726
test/valid/virial_mae: 20.2041072845459
test/valid/virial_rmse: 45.97694396972656
timer/its_per_s/train: 1.2547051906585693
timer/its_per_s/valid: 3.362313747406006
timer/step_duration_ms/train: 797.0
timer/step_duration_ms/valid: 306.868408203125
train/loss/forces_rmse_batchwise_weighted: 2.1243865489959717
train/loss/per_atom_energy_rmse_batchwise_weighted: 0.6227120757102966
train/loss/total: 2.747098684310913
train/metrics/forces_rmse_batchwise: 2.1243865489959717
train/metrics/per_atom_energy_rmse_batchwise: 0.6227120757102966
valid/loss/forces_rmse_batchwise_weighted: 1.5439115762710571
valid/loss/per_atom_energy_rmse_batchwise_weighted: 0.48933175206184387
valid/loss/total: 2.0373947620391846
valid/metrics/energy_mae: 25.456228256225586
valid/metrics/energy_rmse: 40.57307815551758
valid/metrics/forces_mae: 1.0913724899291992
valid/metrics/forces_rmse: 1.551638126373291
valid/metrics/forces_rmse_batchwise: 1.5439115762710571
valid/metrics/per_atom_energy_mae: 0.39567381143569946
valid/metrics/per_atom_energy_rmse: 0.5031861662864685
valid/metrics/per_atom_energy_rmse_batchwise: 0.48933175206184387
valid/metrics/stress_mae: 0.04846563562750816
valid/metrics/stress_rmse: 0.09912583231925964
valid/metrics/virial_mae: 20.2041072845459
valid/metrics/virial_rmse: 47.78096008300781
