epoch: 0
lr-Adam/non-decayable: 0.0001
lr-Adam/normal: 0.0001
n_learnable_parameters: 3847698
n_parameters: 3847698
offset/C: -7.100264072418213
step: 0
test/train/energy_mae: 1.140468955039978
test/train/energy_rmse: 1.592459797859192
test/train/forces_mae: 0.5192165374755859
test/train/forces_rmse: 0.6964842081069946
test/train/forces_rmse_batchwise: 0.7166163921356201
test/train/per_atom_energy_mae: 0.02941575087606907
test/train/per_atom_energy_rmse: 0.04001795873045921
test/train/stress_mae: 0.02004653960466385
test/train/stress_rmse: 0.036262527108192444
test/train/virial_mae: 5.640972137451172
test/train/virial_rmse: 13.908865928649902
test/valid/energy_mae: 1.2928746938705444
test/valid/energy_rmse: 1.6367474794387817
test/valid/forces_mae: 0.49760302901268005
test/valid/forces_rmse: 0.6847740411758423
test/valid/forces_rmse_batchwise: 0.6502954959869385
test/valid/per_atom_energy_mae: 0.04647860676050186
test/valid/per_atom_energy_rmse: 0.04843457043170929
test/valid/stress_mae: 0.017450300976634026
test/valid/stress_rmse: 0.03569070249795914
test/valid/virial_mae: 6.325835704803467
test/valid/virial_rmse: 13.65037727355957
timer/its_per_s/train: 0.04000160098075867
timer/its_per_s/valid: 0.3238503038883209
timer/step_duration_ms/train: 24999.0
timer/step_duration_ms/valid: 3327.0
train/loss/forces_rmse_batchwise_weighted: 0.6333224177360535
train/loss/per_atom_energy_rmse_batchwise_weighted: 0.0541289821267128
train/loss/total: 0.6874514222145081
train/metrics/forces_rmse_batchwise: 0.6333224177360535
train/metrics/per_atom_energy_rmse_batchwise: 0.0541289821267128
valid/loss/forces_rmse_batchwise_weighted: 0.5899374485015869
valid/loss/per_atom_energy_rmse_batchwise_weighted: 0.07194801419973373
valid/loss/total: 0.7222434878349304
valid/metrics/energy_mae: 1.2928746938705444
valid/metrics/energy_rmse: 1.8422842025756836
valid/metrics/forces_mae: 0.44672244787216187
valid/metrics/forces_rmse: 0.6333470940589905
valid/metrics/forces_rmse_batchwise: 0.5899374485015869
valid/metrics/per_atom_energy_mae: 0.04647860676050186
valid/metrics/per_atom_energy_rmse: 0.0778990387916565
valid/metrics/per_atom_energy_rmse_batchwise: 0.07194801419973373
valid/metrics/stress_mae: 0.017450300976634026
valid/metrics/stress_rmse: 0.03268183022737503
valid/metrics/virial_mae: 6.325835704803467
valid/metrics/virial_rmse: 12.27656364440918
